0 0.103774 0.618421 0.094340 0.121053
0 0.179245 0.594737 0.094340 0.126316
0 0.245283 0.671053 0.083019 0.121053
0 0.303774 0.597368 0.094340 0.110526
0 0.177358 0.486842 0.090566 0.142105
0 0.235849 0.386842 0.101887 0.142105
0 0.420755 0.468421 0.086792 0.126316
0 0.392453 0.655263 0.090566 0.121053
0 0.369811 0.776316 0.105660 0.131579
0 0.286792 0.781579 0.105660 0.142105
0 0.201887 0.768421 0.101887 0.136842
0 0.545283 0.768421 0.086792 0.126316
0 0.658491 0.778947 0.094340 0.126316
0 0.456604 0.728947 0.090566 0.131579
0 0.141509 0.321053 0.116981 0.147368
0 0.333962 0.455263 0.109434 0.131579
0 0.528302 0.510526 0.090566 0.126316
0 0.667925 0.602632 0.105660 0.131579
0 0.737736 0.676316 0.094340 0.131579
0 0.745283 0.786842 0.094340 0.131579
0 0.883019 0.702632 0.098113 0.131579
0 0.924528 0.786842 0.098113 0.131579
0 0.586792 0.281579 0.094340 0.131579
0 0.311321 0.168421 0.094340 0.126316
0 0.779245 0.394737 0.086792 0.136842
0 0.862264 0.223684 0.101887 0.131579
0 0.486792 0.197368 0.090566 0.121053
0 0.462264 0.357895 0.086792 0.115789
0 0.375472 0.352632 0.094340 0.126316
0 0.607547 0.463158 0.090566 0.136842
0 0.728302 0.160526 0.098113 0.131579
0 0.605660 0.168421 0.094340 0.126316
0 0.852830 0.528947 0.098113 0.142105
0 0.113208 0.118421 0.098113 0.131579
0 0.035849 0.455263 0.064151 0.121053
0 0.975472 0.378947 0.049057 0.115789
0 0.850943 0.407895 0.086792 0.131579
0 0.198113 0.126316 0.094340 0.136842
0 0.258491 0.057895 0.101887 0.105263
0 0.371698 0.065789 0.094340 0.121053
0 0.894340 0.128947 0.083019 0.121053
