0 0.109756 0.678049 0.105691 0.126829
0 0.211382 0.724390 0.097561 0.131707
0 0.313008 0.751220 0.105691 0.136585
0 0.467480 0.790244 0.113821 0.136585
0 0.654472 0.746341 0.105691 0.136585
0 0.737805 0.704878 0.109756 0.131707
0 0.810976 0.660976 0.109756 0.131707
0 0.341463 0.575610 0.121951 0.136585
0 0.436992 0.600000 0.117886 0.126829
0 0.546748 0.590244 0.109756 0.126829
0 0.142276 0.539024 0.113821 0.131707
0 0.250000 0.556098 0.101626 0.126829
0 0.247967 0.385366 0.105691 0.126829
0 0.349593 0.400000 0.113821 0.126829
0 0.184959 0.356098 0.109756 0.126829
0 0.107724 0.409756 0.093496 0.107317
0 0.060976 0.497561 0.097561 0.107317
0 0.481707 0.448780 0.109756 0.126829
0 0.609756 0.429268 0.113821 0.136585
0 0.676829 0.534146 0.109756 0.131707
0 0.932927 0.536585 0.101626 0.146341
0 0.796748 0.443902 0.105691 0.117073
0 0.747967 0.329268 0.105691 0.131707
0 0.646341 0.248780 0.121951 0.117073
0 0.445122 0.326829 0.126016 0.126829
0 0.276423 0.270732 0.121951 0.131707
