0 0.144330 0.702703 0.154639 0.123552
0 0.213918 0.828185 0.170103 0.135135
0 0.322165 0.911197 0.170103 0.138996
0 0.438144 0.833977 0.164948 0.123552
0 0.340206 0.640927 0.154639 0.108108
0 0.492268 0.573359 0.159794 0.127413
0 0.698454 0.637066 0.149485 0.123552
0 0.530928 0.447876 0.144330 0.084942
0 0.180412 0.430502 0.144330 0.088803
0 0.280928 0.395753 0.128866 0.088803
0 0.500000 0.361004 0.144330 0.096525
0 0.324742 0.258687 0.113402 0.084942
0 0.502577 0.193050 0.128866 0.092664
0 0.335052 0.152510 0.113402 0.081081
0 0.221649 0.175676 0.103093 0.081081
0 0.835052 0.272201 0.144330 0.104247
0 0.067010 0.254826 0.113402 0.084942
