0 0.142222 0.624444 0.160000 0.155556
0 0.324444 0.633333 0.204444 0.200000
0 0.584444 0.757778 0.164444 0.164444
0 0.100000 0.762222 0.173333 0.173333
0 0.260000 0.788889 0.182222 0.200000
0 0.431111 0.804444 0.195556 0.195556
0 0.140000 0.442222 0.191111 0.173333
0 0.306667 0.464444 0.160000 0.164444
0 0.744444 0.644444 0.173333 0.168889
0 0.640000 0.913333 0.168889 0.173333
0 0.740000 0.804444 0.164444 0.177778
0 0.888889 0.735556 0.177778 0.191111
0 0.528889 0.617778 0.177778 0.160000
0 0.408889 0.524444 0.142222 0.142222
0 0.664444 0.477778 0.173333 0.173333
0 0.813333 0.417778 0.195556 0.160000
0 0.628889 0.333333 0.200000 0.160000
0 0.413333 0.351111 0.195556 0.177778
0 0.157778 0.228889 0.164444 0.164444
0 0.373333 0.191111 0.195556 0.168889
0 0.817778 0.188889 0.177778 0.164444
0 0.553333 0.155556 0.155556 0.151111
0 0.802222 0.066667 0.173333 0.124444
0 0.193333 0.100000 0.164444 0.146667
