0 0.580000 0.469945 0.127273 0.196721
0 0.587273 0.248634 0.141818 0.191257
0 0.160000 0.338798 0.138182 0.196721
0 0.214545 0.486339 0.152727 0.218579
0 0.323636 0.683060 0.152727 0.229508
0 0.174545 0.693989 0.152727 0.207650
0 0.387273 0.185792 0.120000 0.174863
0 0.752727 0.806011 0.174545 0.245902
0 0.207273 0.866120 0.152727 0.213115
0 0.345455 0.896175 0.152727 0.207650
0 0.638182 0.857923 0.156364 0.207650
0 0.607273 0.737705 0.138182 0.174863
0 0.943636 0.912568 0.112727 0.174863
0 0.740000 0.207650 0.127273 0.185792
0 0.901818 0.071038 0.138182 0.131148
0 0.934545 0.396175 0.130909 0.202186
0 0.060000 0.650273 0.112727 0.229508
