0 0.240000 0.655000 0.380000 0.350000
0 0.850000 0.765000 0.300000 0.290000
0 0.355000 0.960000 0.330000 0.080000
0 0.650000 0.915000 0.320000 0.170000
0 0.350000 0.850000 0.300000 0.180000
0 0.690000 0.615000 0.360000 0.310000
0 0.760000 0.490000 0.280000 0.240000
0 0.110000 0.510000 0.200000 0.220000
0 0.175000 0.340000 0.310000 0.280000
0 0.455000 0.530000 0.270000 0.280000
0 0.405000 0.345000 0.170000 0.150000
0 0.635000 0.335000 0.230000 0.170000
0 0.875000 0.380000 0.250000 0.300000
0 0.430000 0.185000 0.280000 0.230000
0 0.670000 0.220000 0.240000 0.180000
0 0.810000 0.130000 0.240000 0.220000
0 0.295000 0.100000 0.250000 0.180000
0 0.050000 0.225000 0.080000 0.230000
