0 0.186486 0.467033 0.210811 0.142857
0 0.581081 0.428571 0.210811 0.139194
0 0.751351 0.421245 0.194595 0.139194
0 0.229730 0.318681 0.200000 0.139194
0 0.429730 0.316850 0.210811 0.142857
0 0.616216 0.335165 0.194595 0.113553
0 0.632432 0.219780 0.183784 0.109890
0 0.267568 0.206960 0.200000 0.128205
0 0.797297 0.315018 0.189189 0.124542
0 0.808108 0.208791 0.189189 0.109890
0 0.454054 0.241758 0.172973 0.109890
0 0.435135 0.514652 0.210811 0.098901
0 0.645946 0.523810 0.200000 0.065934
0 0.872973 0.518315 0.200000 0.091575
0 0.908108 0.424908 0.118919 0.124542
