0 0.100000 0.803279 0.127273 0.185792
0 0.360000 0.658470 0.109091 0.158470
0 0.650909 0.554645 0.109091 0.158470
0 0.225455 0.256831 0.080000 0.109290
0 0.167273 0.199454 0.080000 0.103825
0 0.765455 0.896175 0.134545 0.185792
0 0.518182 0.830601 0.120000 0.185792
0 0.792727 0.636612 0.101818 0.158470
0 0.247273 0.715847 0.130909 0.174863
0 0.425455 0.519126 0.101818 0.153005
0 0.481818 0.215847 0.090909 0.125683
0 0.927273 0.890710 0.130909 0.196721
0 0.929091 0.587432 0.105455 0.158470
0 0.116364 0.521858 0.116364 0.147541
